Webots Project File version R2021c
perspectives: 000000ff00000000fd00000003000000000000000000000000fc0100000001fb0000001a0044006f00630075006d0065006e0074006100740069006f006e0000000000ffffffff00000000000000000000000100000380000003d5fc0200000001fb0000001400540065007800740045006400690074006f00720100000016000003d5000000a200ffffff000000030000073d00000192fc0100000001fb0000001a0043006f006e0073006f006c00650041006c006c0041006c006c01000000000000073d0000000000000000000003b7000003d500000001000000020000000100000008fc00000000
simulationViewPerspectives: 000000ff000000010000000200000118000001a20100000006010000000100
sceneTreePerspectives: 000000ff0000000100000002000000c0000000000100000006010000000200
minimizedPerspectives: 000000ff00000000fd00000003000000000000000000000000fc0100000001fb0000001a0044006f00630075006d0065006e0074006100740069006f006e0000000000ffffffff000000000000000000000001000000e0000001c2fc0200000001fb0000001400540065007800740045006400690074006f00720100000016000001c20000004100ffffff00000003000003c000000039fc0100000001fb0000001a0043006f006e0073006f006c00650041006c006c0041006c006c0100000000000003c00000000000000000000002de000001c200000001000000020000000100000008fc00000000
maximizedDockId: -1
centralWidgetVisible: 1
orthographicViewHeight: 1
textFiles: 1 "controllers/streaming_supervisor/streaming_supervisor.c" "controllers/nao_demo_python/nao_demo_python.py" "motions/Forwards.motion"
renderingDevicePerspectives: NAO:CameraBottom;0;0.133333;0;0
renderingDevicePerspectives: NAO:CameraTop;0;0.133333;0;0
renderingDevicePerspectives: television:display;0;1;0;0
